param   UBnuclear :=
        1   636
        2   1970
        3   1902;

param   UBcoal :=
        1   2400
        2   5500
        3   1550
        4   1600
        5   1297.2
        6   1800;
param   UBgas :=
        1   4948.2
        2   3449.8
        3   2226
        4   1117.8
        5   1050
        6   900
        7   600
        8   480
        9   490
        10  490
        11  670
        12  980;
param   UBoil :=
        1   2000
        2   280;
param   UBwater :=
1	234
2	368
3	217.6
4	195
5	133.4
6	80
7	55.8
8	20.9
9	110
10	43.6
11	12.8
12	32
13	97.2
14	61.2
15	40.5
16	26.6
17	9.8
18	7.2
19	54.6
20	70
21	90
22	50
23	40
24	16.7
25	22.5
26	0.1
27	2;
param   UBpump :=
1	1000
2	1602;
param   UBwind :=
1	4
2	6
3	7.2
4	15.1
5	30
6	12
7	6
8	36
9	23
10	71.2
11	46
12	28
13	4.5
14	7.8
15	42
16	55.2
17	41.4
18	48.3
19	75.9
20	6.9
21	11.5
22	44.1
23	39.1
24	11.5
25	2.3
26	11.5
27	8
28	2.3;
param   UBsolar :=
1	2.1
2	1.6
3	0.1
4	0.1
5	0.1
6	4.6
7	0.1
8	0
9	0.6
10	1.5
11	0.2
12	0.1
13	0
14	0.1
15	6.5
16	0.2
17	1.8
18	0.2
19	0.2
20	0.2
21	0.3
22	0.4
23	0.5
24	0.7
25	0.9
26	2646.3;
param   UBgaselec := 623.2;
param	DW := 37351;
param 	Cnuclear := 1.29;
param 	Ccoal := 1.64;
param 	Cgas := 2.4;
param 	Coil := 1.64;
param 	Cwater := 1.8;
param   Cpump := 3.48;
param 	Cwind := 1.87;
param 	Csolar := 7.97;
param 	Cgaselec := 1.85;
param   avgDW = 28524.908;